G=0.65;
D=36;
L=302;
Pb=14.696;
Tb=52O;
e=0.001;
t=540;
Q=33400000;
P1=1150;
Z=0.6431;
f=0.09544;


K=((Pb^2)*(Q^2)*G*t*L*Z*f)/(D^5*Tb^2);


P2=(P1^2-K)^0.5